[7, 5, 1, 8, 3, 6, 0, 9, 4, 2] 


            [7]         Root 7'dir.
        [5]             
    [1]                 


            [7] 
        [5]     [8]    
    [1]


            [7] 
        [5]     [8]    
    [1]
       [3]              


            [7] 
        [5]     [8]    
    [1]   [6]          
       [3]


            [7] 
        [5]     [8]    
    [1]   [6]
  [0] [3]               

            [7] 
        [5]     [8]    
    [1]   [6]      [9]  
  [0] [3]

            [7] 
        [5]     [8]    
    [1]   [6]      [9]
  [0] [3]
        [4]             


            [7] 
        [5]     [8]    
    [1]   [6]      [9]
 [0]   [3]
     [2] [4]            
